3 4 6521 11444 3312 6282 
2 5 6282 349 3340 9388 321 
2 5 6282 6334 9334 9361 11372 
1 4 6332 6402 3380 362 
1 3 6332 11245 6375 
3 4 6521 9428 6441 514 
2 5 6521 375 11219 11276 321 
3 4 6521 3499 9456 3522 
1 4 3522 9375 526 6377 
1 4 6377 6263 6325 9347 
2 3 9347 6257 6389 
3 7 6521 11505 9496 3572 6595 552 9570 
2 3 6282 3207 9496 
1 4 9347 3368 3231 11366 
1 3 6377 3271 3326 
2 4 9347 6325 6349 3326 
1 2 3326 241 
1 7 6469 6622 11346 9281 11264 11360 241 
1 2 6469 587 
3 2 6469 495 
1 3 495 6535 11388 
1 4 11388 247 309 3326 
1 6 495 6535 9509 405 3395 6377 
1 4 6469 6570 529 11494 
2 4 11494 3423 9575 11531 
3 3 11494 6444 6488 
2 4 11531 11547 11560 6488 
3 4 9517 6568 589 6488 
2 5 11531 563 3558 3530 9517 
3 3 11499 9517 6555 
2 3 11499 708 9666 
1 3 708 3705 692 
1 3 692 11653 9515 
2 5 9517 3530 6542 6712 3692 
1 4 3692 3679 6934 9655 
1 4 9655 11638 6693 692 
1 3 11499 3690 519 
3 5 495 3398 9547 3524 6488 
2 4 9515 3299 571 11544 
1 3 692 9652 707 
1 4 707 3688 6725 9515 
2 3 11499 9545 6540 
2 6 11544 9572 11417 11445 3397 6488 
1 5 6488 3524 6549 9524 3561 
3 4 3561 425 6487 3522 
1 3 3561 6513 564 
1 4 564 11431 9443 495 
1 4 6377 11493 3355 564 
1 4 6488 3524 11533 564 
1 4 3561 425 6582 3535 
1 3 3535 11481 514 
1 4 3535 6582 6487 3522 
2 8 11544 9416 3474 482 6524 538 6501 3535 
1 4 11372 11343 9263 362 
1 14 6521 11505 9496 537 6236 9387 9252 11260 11288 334 389 3380 6402 6332 
2 8 6332 395 3384 11312 3272 6296 9404 3320 
5 26 11105 6144 67 9073 9183 11056 6082 9206 9100 3060 3151 6174 79 3072 6035 6086 9111 187 2999 11315 333 6245 9256 344 3259 6380 
2 4 758 11710 9689 6734 
2 5 11805 3861 799 6924 9817 
1 7 6880 9765 3866 980 970 11768 11805 
2 3 6734 9686 11677 
1 4 11677 11692 6955 758 
1 3 9764 854 9824 
2 7 6906 9896 6817 3873 6966 6812 9764 
1 4 6906 6959 9889 4098 
1 2 4098 10024 
1 5 10024 10109 4065 11956 1176 
1 3 1176 11956 12038 
2 4 1176 7068 7198 4182 
1 3 4182 10009 9979 
2 3 4182 13231 7183 
1 2 7183 1048 
1 3 4182 13231 10094 
1 4 4182 7198 6744 875 
1 3 7183 1178 875 
2 6 9764 6812 6966 13223 3954 3816 
2 4 3816 9813 11821 915 
2 7 3938 9767 6993 9785 11766 813 3816 
1 7 3816 6878 6903 3902 11852 13233 740 
1 4 885 11852 13233 740 
1 5 3938 3794 9800 9846 11825 
1 4 11825 6936 903 885 
1 6 11825 4024 3920 726 3729 11707 
1 7 11677 11840 3725 3727 3918 918 11825 
1 5 11707 6749 9703 11688 740 
2 7 7183 4080 11749 6954 931 9925 13230 
1 6 13230 9839 9917 11820 896 3938 
1 8 1176 4095 12083 9828 9778 13229 13224 3938 
2 4 11825 9846 13232 6867 
1 5 6867 13221 11756 9839 13230 
1 5 6867 874 845 889 9817 
1 6 13230 9877 3926 844 924 11805 
2 4 10024 1093 9903 832 
1 4 4098 1093 11884 832 
1 5 832 942 9757 6914 3938 
2 4 875 3871 3810 6948 
1 5 6948 985 11780 6866 13230 
1 6 6948 6832 6800 13229 13224 3938 
1 5 3945 6879 9852 6914 3938 
1 6 6906 3799 871 7213 11737 3816 
2 4 6287 6393 3260 3325 
1 3 6364 6235 394 
1 4 241 11360 11318 9335 
1 2 9335 6336 
2 4 6469 3512 9363 6241 
3 2 6241 391 
1 3 391 68 3314 
1 3 6241 6286 6336 
3 2 391 9498 
1 2 9498 3262 
1 2 3262 6598 
3 2 6598 516 
2 4 587 9522 11562 11519 
1 3 11519 13068 516 
2 4 6583 11435 11470 11494 
2 3 587 3547 11494 
1 2 9559 6583 
1 2 6560 516 
1 3 516 3576 11483 
1 3 11483 3536 11548 
1 4 11506 9534 6569 485 
2 4 11506 9561 454 11420 
1 3 11420 9500 11548 
1 2 11563 9434 
2 5 11506 9523 3549 9578 11563 
2 9 11506 9523 3549 3534 553 11521 11535 3579 6449 
2 4 512 9725 9523 11506 
2 4 3671 9492 6533 512 
2 8 11506 9523 6547 11463 3509 3495 527 9495 
2 5 3552 6572 9525 11508 9495 
2 5 3671 9492 9478 503 11465 
2 3 11465 9510 6536 
2 4 6657 655 3659 3671 
2 5 620 3626 651 669 3671 
2 7 9737 11565 595 11582 629 11596 3671 
1 5 9737 11565 595 3598 620 
2 6 6766 11702 6775 11720 9717 9737 
2 3 740 6756 743 
1 4 743 9710 6777 9737 
2 5 743 11697 11699 3749 6766 
2 6 6766 11702 6775 9734 9751 620 
2 4 9824 9853 3946 6960 
1 4 6766 943 9723 6960 
2 5 6960 9898 11877 958 11834 
2 2 11834 911 
2 3 911 3928 9909 
2 4 6788 3772 11891 9909 
2 7 11834 958 11713 762 780 3589 6613 
1 3 3594 11593 6613 
2 6 3594 9607 11576 6648 3621 620 
2 7 6960 760 11709 3754 769 9748 3594 
2 6 3594 9609 667 9644 6518 512 
2 4 6613 11794 648 3652 
2 5 3652 3669 3506 11491 11506 
2 2 3652 9642 
2 3 9642 6698 698 
2 11 11506 11518 6949 3506 9490 3533 6531 9658 6698 698 678 
2 3 678 6529 9503 
2 5 9503 1346 3629 11502 9559 
2 4 11506 11518 11549 13011 
2 5 11420 454 3402 11549 13011 
2 3 11531 11502 9559 
2 3 11516 1346 9503 
2 8 11516 5291 6545 11732 551 6949 11518 11506 
2 6 6613 3589 6784 6609 9745 6780 
2 5 6788 771 9741 11730 6780 
2 5 6780 11730 9741 776 3780 
1 4 6788 3773 6790 3780 
2 3 9620 6683 678 
2 6 3780 607 6635 636 9618 9620 
1 3 663 9638 9620 
1 3 663 11640 3692 
1 7 663 11623 6680 6678 9633 11618 673 
1 4 9515 9681 3703 9665 
1 4 9665 11651 704 11666 
1 3 9648 6690 11666 
1 5 11666 6690 9679 6687 3673 
1 5 9648 9679 9650 3684 9665 
2 6 3673 3674 6673 3657 6656 11584 
1 3 6626 628 11584 
1 5 3673 3674 6673 11595 6626 
1 3 688 3684 9665 
1 4 673 11634 3675 688 
2 6 663 11601 3641 9600 9584 3780 
2 3 603 3604 11584 
2 4 603 3776 773 3780 
2 6 673 11618 9630 11598 9598 603 
2 4 603 3776 11734 6606 
1 4 6606 6793 9582 11584 
1 4 3780 6790 9752 6606 
2 2 6606 782 
1 4 782 9924 967 925 
2 2 6788 6973 
2 2 9904 11751 
1 4 11751 6862 6875 11833 
1 3 11833 6946 6973 
1 4 9907 1616 6985 6606 
1 5 9907 9879 9750 6862 11751 
1 4 925 6926 9794 9904 
1 3 6831 9838 925 
2 4 11837 9784 6843 883 
1 4 883 6939 3966 6831 
2 3 819 11803 883 
2 2 11846 9904 
1 4 11846 923 9826 819 
2 8 9990 12066 3901 10027 3968 851 955 819 
1 2 11998 11837 
1 6 9990 12066 12098 10027 9856 11837 
1 2 4014 4159 
2 4 4159 1156 3857 10074 
1 5 11773 11874 11824 9772 6891 
2 6 383 3307 6412 9362 6345 9279 
2 4 11380 11082 161 6050 
2 10 9279 11376 9300 9410 9251 9329 9406 6397 9393 11380 
2 12 383 6331 3286 3375 3063 6188 9209 9109 11188 11082 161 6050 
1 6 9279 11376 6120 11160 11327 11215 
2 4 9483 6229 9357 9404 
2 5 3320 9295 11342 11358 310 
2 4 310 7482 10323 9340 
2 5 514 573 469 9414 11542 
1 3 3583 9457 11467 
1 3 11666 6739 9692 
2 4 9692 541 3484 11539 
1 4 11539 9551 9567 3583 
1 4 11539 581 3550 3581 
1 6 9660 9690 6561 11679 541 9692 
1 6 9660 11663 9676 6720 3700 11666 
1 6 9660 6703 682 3670 9611 11581 
2 4 11581 3654 6650 9627 
1 3 6626 599 9627 
2 6 9648 9646 596 3654 6650 9627 
2 5 11581 3654 596 9646 9648 
1 5 619 3623 6670 11625 9660 
1 5 11581 624 9595 6647 619 
2 4 619 3617 11580 11586 
1 4 9606 11787 3617 619 
2 3 3601 3592 11581 
1 4 6626 11735 11564 3601 
1 5 3601 6611 984 3974 3924 
2 4 3882 11832 9906 9602 
1 4 9602 6634 11583 11586 
1 4 3882 3833 3526 11818 
2 9 4109 3988 1109 976 863 6930 3844 10163 11818 
2 5 9602 11887 11868 965 949 
1 8 949 3971 3952 3819 6842 9769 649 9783 
2 4 949 3908 3937 6923 
2 6 9833 6895 3893 11905 9862 6923 
2 2 3663 9617 
1 4 657 6677 11603 9617 
1 9 9548 6761 744 3741 6747 9701 11652 9651 3663 
1 8 3663 3636 3639 637 3645 11657 3649 9606 
1 9 3663 660 6695 6709 11639 676 11622 693 6711 
1 3 6711 3709 3696 
2 6 3696 11644 699 6716 716 9660 
1 3 746 713 3696 
2 5 3581 6586 11691 3548 746 
2 3 9483 3354 6314 
2 4 6332 11265 348 3288 
2 5 3152 11426 11127 11443 4640 
2 8 11105 6108 9194 3083 9094 11172 3025 3137 
2 4 11370 277 6340 3320 
2 9 362 3380 3351 6347 6321 9290 6567 524 3544 
2 7 6558 17 11515 493 9508 9400 3544 
1 8 6558 388 11232 279 3324 389 3380 362 
1 2 11467 6464 
1 3 6464 13205 9427 
2 5 9427 11430 6416 467 3544 
1 3 6464 9567 3583 
2 8 9427 11413 442 6499 6522 9494 9468 11479 
2 6 11479 9558 422 11441 6546 3392 
1 5 3544 524 402 9544 3392 
1 4 3501 13070 11333 6103 
1 4 9458 507 9239 6103 
1 7 540 3463 9484 6351 11471 9239 6103 
1 4 3369 11471 9239 6103 
1 5 6103 9239 6221 6270 9297 
1 3 3369 7239 9297 
3 4 6103 11374 221 271 
1 3 9297 11345 9315 
1 7 6103 11221 296 9322 364 11382 9315 
1 3 3369 6378 377 
1 6 377 3241 6301 3301 3205 6384 
1 4 9315 11382 9269 11297 
1 5 6384 6335 6399 11332 11218 
1 4 351 11299 11378 9392 
1 5 11218 9350 9237 6395 3273 
1 3 9392 9383 3273 
1 5 3273 9383 6300 3150 11136 
1 5 3273 9383 159 11306 9075 
1 4 3379 3242 3359 11293 
1 3 3379 3242 385 
2 7 7394 9284 6313 9310 303 3342 11293 
2 3 3392 11247 11301 
2 6 11301 11357 11386 266 395 6332 
2 4 11301 347 13206 3393 
2 3 3320 9274 3393 
2 4 11370 11216 3759 9304 
2 5 11301 347 318 3309 9304 
2 6 11399 3559 3521 12562 524 3544 
2 4 11399 6580 536 11479 
1 6 3458 3559 3521 12562 524 3544 
2 7 310 6459 3219 6326 6249 9323 11241 
2 12 6174 6197 11139 11072 11109 9234 320 9331 11234 6293 11241 11220 
1 6 6380 11282 9302 366 11326 11349 
2 5 11349 6264 3235 9287 11234 
2 4 11370 294 11322 3331 
2 4 3331 11220 11290 306 
2 2 3331 9289 
1 8 383 295 11070 69 147 3007 11184 6115 
1 7 9096 6151 9036 3094 9204 9103 6115 
1 9 6115 11078 9157 27 11037 3059 9170 6145 122 
1 4 11028 9157 11078 6115 
1 5 11028 9227 11206 9139 3022 
1 3 192 6055 101 
1 7 101 3095 11155 9226 9186 3104 9108 
1 11 9108 6083 6161 9220 11067 118 11185 6063 130 205 3108 
1 10 6050 9149 3182 11091 9117 49 9051 125 9035 3108 
2 21 11153 6057 3084 11159 9118 3033 11092 155 11175 6021 94 9195 3189 86 3008 9162 3121 6181 9201 11117 3134 
2 10 306 3362 6387 9272 11254 335 401 3327 3391 6380 
2 4 11370 216 386 3350 
2 4 3350 6373 6344 9288 
2 3 9289 3378 6373 
2 3 9493 3470 3511 
2 5 11479 6483 11411 11550 9548 
2 6 11670 9698 9714 3757 9435 476 
2 5 476 9481 11490 504 525 
2 9 3686 705 3722 568 737 3755 11683 11546 6597 
1 2 11405 11437 
2 4 11437 6423 6451 3452 
2 6 11437 453 472 3449 3466 6474 
2 4 6474 6493 9430 9417 
2 2 3672 3682 
2 7 7661 7495 4458 7624 4463 3668 3682 
2 6 3653 772 654 9626 1530 1599 
2 9 7661 1536 4614 4477 1610 11674 1539 12309 1599 
2 2 413 3527 
2 10 3527 11475 11412 6591 3540 11476 11459 11450 11434 9417 
2 6 6474 3479 502 6530 3531 418 
2 7 418 9556 3409 11439 9489 9552 11475 
2 5 418 9449 3492 558 3580 
1 4 11504 3557 11397 418 
2 7 525 11557 9543 11530 9519 559 11504 
2 4 525 11557 6458 11489 
2 5 9288 546 3568 6532 6458 
2 7 11489 6508 9566 3225 288 3306 3335 
2 10 6380 6414 6348 3377 382 246 6365 11284 6252 3335 
2 4 3580 9260 9328 9355 
2 5 9355 9411 11242 3292 6262 
2 5 6262 6396 6290 9348 6414 
2 3 413 6341 6369 
2 5 6369 9394 9273 11294 11248 
2 7 6380 6414 9348 9282 11268 11379 11248 
2 12 6398 6369 9339 11540 6428 3566 11512 9502 487 579 3582 3555 
2 24 79 11068 9197 70 11174 3140 6131 11093 93 3085 6189 3124 11189 9131 11107 2 11099 9122 121 252 6356 9278 9378 6380 
2 11 11375 6299 6295 6392 3268 3370 280 378 6316 11362 301 
2 10 301 3290 9235 11217 214 3339 6362 6410 9298 11344 
2 9 11344 11277 3352 6374 6312 9373 11356 11243 6338 
2 10 9258 11269 11240 257 3196 3246 6226 6275 9299 11225 
2 17 12157 7401 4411 7281 4215 4261 1406 1210 12298 12128 10299 6379 3330 3357 393 11348 11225 
2 8 11225 11377 11256 3265 4324 4283 1305 1278 
2 6 1278 12117 10142 10329 12157 9292 
2 5 9292 1233 12287 10133 1821 
2 8 4261 7341 10253 12294 1314 4227 7354 7243 
2 7 6338 260 9336 3251 3300 6388 6278 
2 11 6278 7403 206 1380 10286 10314 361 3280 7320 10133 1821 
2 6 7375 11228 237 4758 12567 1821 
2 10 6124 272 3139 3027 370 9293 12203 7346 11352 7375 
2 13 9131 2996 11143 143 3135 9200 11075 73 3066 3103 6191 9370 6124 
2 5 7477 7563 4599 10510 12333 
2 5 3951 6808 9806 11784 11747 
1 4 3951 6871 11811 11829 
2 3 9878 3983 3951 
1 6 9878 3876 11860 940 9755 6807 
1 6 6807 9763 9830 961 6956 11746 
2 5 4824 10189 1543 307 1821 
2 10 9292 1327 1292 1775 1294 1694 7874 10568 1709 10696 
1 3 3325 3277 399 
1 3 3325 3277 6364 
1 3 11366 332 399 
2 8 10696 4700 12652 10600 3472 7774 7846 4824 
2 6 10696 12679 1733 1860 7825 7274 
2 7 7243 7600 7657 12329 7597 12397 4686 
5 5 1459 11687 7682 7501 1554 
2 6 12333 8099 10414 1649 10470 1554 
2 8 7274 4866 7757 12631 7886 7815 4724 12691 
2 8 12691 12621 1876 1813 10549 10661 12540 4797 
2 10 4797 1762 4837 10528 7835 1696 4705 1672 12641 10574 
2 9 957 6989 11750 6684 664 6686 11643 10466 12189 
2 6 7642 4434 4621 1425 4406 7381 
1 5 7642 10135 12293 4390 4608 
2 5 12299 4424 7427 4412 10297 
2 18 10297 1376 12215 7342 1291 12144 7236 4371 1337 4312 12201 1281 1308 4388 12220 12122 1427 7408 
2 9 7408 10250 10221 12173 10411 7572 7353 7492 1488 
1 4 1330 12127 4336 1403 
2 4 1330 10154 10283 10344 
2 7 1330 12127 1417 12256 4626 4585 1492 
1 5 1492 7469 12464 1082 4425 
1 2 1185 4075 
1 8 4075 12075 10075 12319 1522 4501 7446 1319 
3 2 1182 9998 
2 3 9998 7157 7087 
2 3 7087 12097 10125 
2 2 7072 11960 
2 5 10125 7187 4172 4142 11960 
2 3 7072 12031 7212 
2 3 7212 11946 1092 
2 3 1092 10052 11985 
2 2 11960 1136 
1 2 7072 1136 
2 8 1136 9985 10055 1167 7145 1191 7050 11985 
2 2 1025 7110 
1 2 7110 9950 
2 6 4102 1183 12006 11925 4164 7110 
1 2 11985 1025 
2 5 11960 4142 4172 7102 10032 
2 7 1182 4188 4100 7016 4118 1024 7169 
2 4 7169 12056 3848 6994 
2 6 1117 11930 4067 1063 9865 6994 
2 2 12007 1117 
1 3 12007 10128 10032 
2 5 10125 7187 10015 11989 12007 
2 5 1182 1097 11908 11989 12007 
2 3 3962 7532 10444 
1 3 10444 10512 12421 
1 3 6994 9859 3962 
4 4 4056 4086 1081 11977 
2 4 11948 10110 4126 11977 
4 4 11977 7204 7221 7125 
2 5 7125 9981 848 10083 6928 
4 5 7125 12040 11915 10065 4052 
4 5 4052 9790 912 11835 6981 
4 6 6981 3970 3839 3895 9885 11771 
2 5 11771 987 9781 11764 964 
1 4 964 3783 6851 1150 
2 3 9843 11761 10068 
4 10 11771 6951 11815 9835 6837 11886 3900 1052 12043 10068 
1 6 10068 9969 11996 11980 7189 1069 
2 5 9843 4140 12026 7109 4190 
1 5 1069 12045 4071 7089 10000 
2 4 1519 4538 12062 4190 
1 3 9843 9776 952 
2 4 1069 4037 10043 7025 
1 9 11913 1146 10008 7094 11916 10040 9995 7085 7025 
1 3 7014 12052 10076 
1 4 10076 7120 996 11913 
1 4 7014 12076 4042 7191 
1 5 9974 7058 1096 11991 7191 
2 7 4190 1188 1169 4144 1139 9958 10364 
2 7 10364 12012 7568 7580 9934 7167 4619 
1 4 4619 4631 9999 7097 
1 3 3992 7653 1628 
1 3 10062 7108 1047 
1 6 10364 4066 7656 10098 4010 7025 
2 5 12068 1091 11959 7214 7186 
1 4 1047 12095 1120 9970 
1 3 9991 12010 11968 
1 5 11968 9993 12423 1497 12366 
1 7 4245 10077 4644 7662 7565 10389 12338 
1 8 4245 10077 1609 4616 10443 10389 10349 7455 
2 7 4245 10077 4644 7593 7537 4544 4516 
1 6 4245 4062 7220 1444 12035 12307 
1 5 4245 4062 4104 1101 10060 
1 5 10060 10116 12462 11978 10001 
1 5 10001 10255 4237 1228 7340 
1 5 7340 4280 12114 4472 8087 
1 6 10278 12180 10152 1430 4321 7340 
1 4 10278 7436 1268 10246 
1 3 10246 4416 7265 
1 4 10278 1344 12734 8011 
1 5 10246 4416 1409 7288 1321 
1 8 10278 1344 12734 10808 8067 7363 10274 7447 
1 4 7447 7391 10190 7244 
1 4 8011 8100 10208 4278 
1 4 8011 8100 4414 10756 
1 4 10756 10259 5104 8087 
1 6 10278 1344 7310 12779 10296 10756 
1 4 10756 10259 5104 1359 
1 3 8087 10324 1359 
1 5 1359 12142 4353 10270 1349 
1 8 4278 12105 7250 12295 10210 12182 12269 1349 
1 6 1349 7013 4187 7150 11952 9975 
1 5 4516 1569 2005 7938 5040 
1 3 5040 5055 12137 
1 4 5040 4045 2036 12137 
1 3 4516 10751 9973 
1 4 9973 4299 1377 12137 
3 4 12137 5086 10794 2086 
2 6 2086 2032 10729 12822 12005 10887 
1 7 2086 12868 2002 10772 10066 9084 10887 
1 3 10887 9084 8007 
1 3 3456 10108 4110 
1 3 4110 7084 10735 
1 3 10735 8098 5105 
1 4 10735 1971 10898 8007 
1 4 10887 4979 8022 12763 
1 4 9975 1144 7207 4132 
1 9 4245 4062 7220 1059 1538 10428 9946 7574 10401 
1 5 10401 12420 4557 4883 10030 
1 6 1349 7013 4072 7060 7430 10030 
1 6 10030 4950 11995 4953 5096 5040 
1 3 7260 7344 10201 
1 4 5105 8013 12761 5075 
1 7 5005 7953 1922 2065 1982 10922 10837 
1 4 7602 10385 10768 10837 
1 2 2089 8001 
1 4 8001 2004 7994 2097 
1 4 2097 3795 1600 10106 
2 4 11746 806 3889 12473 
1 5 12473 7140 1056 4550 4111 
1 2 4111 792 
1 3 4206 1201 1065 
1 4 1065 7170 1074 4111 
1 2 1086 4206 
1 4 11976 4591 4574 7151 
1 4 4111 1074 7170 7151 
1 3 1065 7170 7151 
1 6 4206 4088 4161 11979 1155 12049 
1 2 4073 12049 
1 2 4073 7011 
1 5 12758 5099 7970 12455 11976 
1 2 11829 9833 
2 4 4345 4417 10320 7433 
2 10 7433 1284 12291 4362 7379 4432 1424 7304 7644 7361 
2 8 4345 4417 10320 10174 12221 1282 4342 4285 
3 3 4345 4270 3778 
2 8 3775 6797 9580 11567 3605 6625 4270 4345 
2 13 9450 6713 11641 11685 9684 6769 11669 9724 9711 722 11695 3763 3775 
3 6 3778 3635 3661 9634 6676 6510 
2 13 6510 9467 12278 12582 602 777 10718 4775 7899 1769 4875 4426 4872 
2 12 6510 9480 1299 4869 1782 10718 7794 13094 11571 4875 4426 4872 
2 3 12603 10611 4739 
2 5 4739 9669 6726 515 3010 
2 7 4872 12688 3721 12593 12663 3481 4739 
2 5 12603 1788 3721 12688 4872 
2 5 12603 10611 11440 10684 7787 
1 7 7787 4765 4877 4343 7853 1858 1408 
1 8 3010 6754 1347 7761 1737 7853 1858 1408 
2 4 1408 4428 10157 7315 
3 3 7315 12214 10327 
2 4 7315 7386 10271 12211 
2 2 12603 4759 
2 4 4759 10709 1752 3719 
4 4 3719 10618 6752 1866 
2 2 9450 12357 
2 8 12357 9657 926 1760 10526 3699 1719 1866 
2 6 1866 4807 4664 10341 12456 12357 
2 9 9450 12368 6737 11589 1560 10341 4664 4807 1866 
1 7 9450 6713 11641 695 691 11656 6710 
2 7 6710 9724 9711 722 11695 749 11654 
2 5 9450 6713 9654 11637 689 
2 4 689 3685 9825 6890 
2 5 6890 882 3687 6707 11654 
2 4 6732 3906 11830 9832 
2 8 3878 6911 3806 11665 10381 11662 7345 4345 
2 4 9832 6909 9847 3878 
2 2 3878 6882 
2 3 6882 3863 6845 
2 3 6845 3824 6984 
3 2 6984 3957 
2 5 3957 873 3823 11841 10412 
2 8 6845 6869 11785 9804 847 3850 880 11800 
2 4 6855 827 9808 11800 
2 11 9450 6713 9653 870 11791 3872 659 3853 6874 9808 11800 
2 6 1595 9796 831 11776 11760 6855 
2 2 1595 4527 
2 11 4527 4601 9775 9760 7528 3975 801 9923 6823 6929 3957 
2 6 12211 3513 12183 7865 12553 9616 
2 6 1866 9880 7536 12577 12646 12586 
2 9 9450 12312 11589 10478 7306 12418 11788 10666 12586 
2 6 12586 7852 3855 3613 4760 4723 
2 9 9450 12368 6737 10393 7539 1586 1678 9892 12586 
1 6 1595 4531 4437 10461 9682 9450 
2 10 11654 734 3733 3702 9708 1436 9693 3806 6911 3878 
2 4 6696 1881 10448 1595 
2 4 6696 12709 12568 9727 
2 3 4527 1445 9727 
2 4 1572 12381 1480 11975 
2 6 1843 9834 10489 866 12439 1572 
2 3 1572 1584 7388 
2 6 1572 12353 1433 12470 10492 12384 
2 3 12735 7422 492 
1 4 12384 7583 860 492 
2 3 492 10520 7480 
2 3 7552 7524 4464 
2 3 7552 1453 10449 
2 4 7552 1453 1643 1528 
2 5 1528 12401 6968 9829 3960 
2 4 3960 10861 10504 10337 
2 6 10337 1500 12313 4507 4535 7552 
2 5 10337 12410 4884 2042 6785 
2 4 10337 12341 1927 12782 
2 5 3960 7981 5022 1927 12782 
2 3 6785 12369 5015 
1 3 5015 10769 12835 
3 5 12782 6987 5061 2060 12835 
1 2 8097 10740 
2 3 12835 7973 8003 
2 3 8003 10916 10830 
2 3 10830 12745 8097 
2 6 12782 2019 12728 5038 10894 10740 
2 4 5021 2083 12721 12835 
2 3 1965 2011 4956 
1 2 4956 5021 
1 5 4956 2083 1952 12721 12835 
1 2 4956 10172 
1 4 1965 2011 2008 10172 
1 4 10172 12804 10853 8003 
1 4 1965 12755 4887 13089 
2 2 3834 853 
2 5 3834 7920 5044 12791 10740 
2 4 4908 4977 1945 8057 
2 5 13089 12746 12873 10895 8057 
1 3 8032 2051 13089 
2 4 12753 8236 10773 12810 
1 3 12753 10842 10886 
2 3 3960 9829 5001 
2 6 5001 7485 12458 12489 4444 1646 
2 3 7202 1547 11975 
1 4 10412 3925 11738 788 
2 5 7202 10029 7012 4491 7138 
2 7 12384 638 10394 1485 4653 4491 7138 
1 9 7202 7012 7134 11927 7083 7045 11783 6943 788 
1 4 1132 4168 6943 788 
1 4 7138 7083 12054 1132 
1 5 10412 9931 12445 10081 7138 
1 3 4464 7668 7480 
1 5 3957 951 11873 10343 7646 
1 5 7646 7466 4627 12637 9727 
1 3 9727 1582 913 
1 7 7622 10498 7451 10374 4476 7546 1550 
2 3 8252 5051 12798 
1 3 913 7791 10909 
2 3 12384 5090 10909 
1 4 12735 12803 968 10909 
2 4 12735 10192 10824 12501 
2 4 12501 1987 10615 7797 
1 2 1646 7797 
2 5 12735 1587 10753 7464 7797 
2 4 10449 10410 4510 1646 
2 4 6696 6974 12670 12501 
2 6 1595 12437 1604 7626 12305 4569 
2 7 4569 12305 10457 12497 7611 9682 9450 
1 4 4569 1621 12361 10717 
1 3 10717 1564 1534 
1 5 4569 12346 12463 10370 1534 
2 5 4569 4449 4540 4625 7797 
2 11 6464 506 584 11428 493 11515 243 279 3324 389 362 
2 4 9508 548 3230 3295 
1 4 3295 3324 389 362 
2 10 9450 12368 6737 10339 1527 4590 7449 7607 12361 10717 
1 7 1866 9880 1867 12667 12620 3750 1747 
2 8 4723 10640 10711 1815 12651 1851 12585 4860 
1 3 4860 10593 10624 
2 4 12211 3513 4328 4274 
2 5 3588 6665 3471 10151 4274 
2 4 4274 4347 4331 3588 
3 3 3588 9697 9713 
2 4 9671 3677 6699 9713 
3 5 9713 6699 6694 6876 4518 
2 4 4518 9911 941 10387 
1 3 10387 10483 9814 
1 4 9814 11757 7517 1562 
1 3 1562 12374 7986 
2 3 7986 8115 853 
1 4 10387 12303 4727 7986 
2 7 10327 12673 12124 3781 6742 7779 4860 
2 11 4860 12572 4857 7880 1767 6722 12566 1836 4772 1752 3719 
2 4 10624 4863 7883 4759 
2 8 10327 1690 1832 4838 1854 1857 10593 10624 
2 5 10717 7834 1352 7892 4740 
2 4 1534 9802 4811 4740 
2 3 1534 2043 1806 
2 6 3960 2082 8025 5103 1618 1806 
1 3 1806 7904 10798 
1 3 10798 11802 4740 
2 5 3960 9920 5085 3875 3972 
2 3 10798 10702 3972 
2 5 4740 11802 7762 2055 3972 
2 2 3972 9908 
2 5 9908 12624 4586 10340 4740 
2 6 9908 12893 10867 8070 3867 10740 
2 4 10740 12791 3883 4975 
2 3 4975 10642 12627 
2 5 4740 10340 4586 1738 12627 
2 3 12627 10588 1827 
2 10 10717 7834 4757 12513 1753 10532 4871 12570 12642 1827 
2 9 10717 7834 1352 7892 12024 4814 4586 1738 12627 
2 3 1827 7780 4723 
1 3 853 1793 11814 
1 4 11814 4799 4657 10387 
1 4 853 7747 6897 10573 
1 4 10573 10645 12552 4975 
1 4 10573 7821 12765 11814 
1 9 12627 9792 868 1658 6887 1756 4742 10662 4865 
2 8 4865 10651 12573 12699 850 4799 4657 10387 
3 9 4865 10651 10591 7827 4736 10422 11698 710 9713 
2 3 4865 10582 12535 
2 4 12535 1789 10556 9616 
2 6 12535 7888 12633 12561 10640 4723 
1 4 1814 4804 12617 12604 
2 8 1814 4804 12617 7783 1713 7887 1565 4543 
1 4 1814 4804 7692 1801 
2 4 2197 5195 2203 2211 
2 5 7798 4776 12932 12924 12910 
2 8 7798 12576 7755 1667 10455 10682 12435 12406 
2 10 7564 7535 7522 4481 12308 7651 10487 10460 4560 7566 
1 4 1454 12104 1431 7669 
1 4 12364 1555 4573 7621 
1 5 12364 10402 12394 12409 1639 
1 4 12364 10402 12394 10418 
1 7 12364 12351 10390 8208 5184 12970 8215 
1 3 8215 10992 650 
1 2 650 8222 
1 4 650 5191 8194 5228 
1 4 5228 11000 5171 12994 
1 3 12994 8217 5131 
1 4 650 8229 8251 5121 
1 3 1639 12494 10935 
1 3 12364 12351 7500 
1 3 7500 10985 12942 
1 5 8187 10943 12453 10515 12364 
1 4 8187 8238 2173 2152 
1 5 10362 12496 1613 1626 4604 
1 6 7500 5163 10975 8255 5143 8216 
1 3 5131 2174 12930 
1 6 8216 10965 2224 5229 10987 12930 
1 3 12930 8157 5230 
1 3 5230 13195 13086 
1 2 2210 2182 
1 3 4604 4589 10447 
2 7 4604 4589 7594 1542 1529 5156 8181 
1 4 8181 7553 10947 10513 
1 2 10513 5112 
1 4 10513 10432 5172 10980 
1 5 10980 8190 12996 2153 10999 
2 4 10980 12334 8148 7476 
2 8 10513 10947 12972 5186 12937 2181 10959 8189 
1 6 10513 10947 12972 5186 7636 12977 
1 2 10946 8143 
1 4 10998 5182 10967 5168 
1 2 5168 2227 
2 5 12589 10415 12692 12547 4696 
1 2 2229 10963 
2 4 10963 7605 5203 1509 
2 2 1509 10697 
2 3 10697 4822 4696 
1 4 1468 4556 12648 10400 
1 2 2213 10400 
1 2 7576 1468 
1 2 4696 1833 
1 4 8245 1688 5106 10400 
3 2 10697 5231 
3 3 5231 12648 10400 
2 2 10963 4879 
2 2 2120 10929 
2 4 10929 1874 12963 8214 
1 3 8214 10668 5231 
1 4 10929 1874 7872 5199 
1 3 5199 12504 191 
1 5 8214 12963 1874 7872 5199 
1 3 10968 12925 5117 
1 5 2196 8205 12911 10932 8144 
1 3 5160 10860 1939 
1 3 1939 5196 5210 
2 3 7011 10005 11964 
2 4 7011 10073 7164 4076 
2 2 7011 3996 
2 4 3996 4055 1068 10031 
2 4 10031 7144 11974 12044 
2 5 11999 1064 12071 1151 12044 
2 3 8105 10745 7989 
2 2 7989 2046 
1 3 2046 2003 12725 
2 3 2046 12881 12806 
2 5 11921 4129 7162 7180 11969 
2 2 9994 11969 
2 2 12051 7081 
2 6 7081 1160 4163 1046 7180 11969 
2 6 12051 7065 13077 4131 11939 1145 
2 5 1145 9964 12760 11923 7132 
1 6 7132 4150 7008 12018 7958 4933 
2 7 7132 4116 989 1111 4097 11987 7100 
1 4 7100 1194 10113 9945 
2 3 7100 10070 7069 
2 4 7069 10023 4139 4108 
1 3 5010 7980 8124 
1 4 2012 8015 12710 4948 
1 5 2050 12900 2025 1969 4972 
2 4 9570 6462 9511 11467 
2 4 3458 6416 11430 9427 
1 3 3458 467 3544 
2 3 9817 11673 6734 
2 4 321 11305 9320 9347 
1 5 3522 9238 9294 11305 321 
1 5 3522 9238 9294 9320 9347 
2 7 2086 2054 1908 4984 10847 1980 4110 
2 7 2086 2054 1908 4149 12886 1103 9975 
2 9 4245 4204 7593 12452 1637 10471 10332 7938 5040 
1 8 3022 6038 3111 11049 3162 11052 46 3108 
2 7 11542 9429 583 421 6562 3414 3583 
1 4 3583 3414 6562 3569 
1 5 3569 557 3718 6739 11666 
2 6 11542 9429 583 421 6562 3569 
2 3 1965 8089 12810 
2 4 4908 10765 8012 3834 
2 3 7859 12435 12406 
1 9 12406 7520 10388 4478 4658 10500 12451 10430 7564 
2 4 8186 5225 10925 12910 
1 10 12406 1537 10427 12377 11019 2114 8249 5211 5225 8186 
1 13 8186 10927 8165 5197 12948 2191 10969 8200 10949 1526 10983 2157 1652 
1 9 6928 3981 3852 6922 959 6822 898 6944 9897 
5 9 10433 9782 10503 12482 11906 6811 810 3977 957 
1 7 957 3977 810 6811 9766 973 9897 
1 8 4572 7663 11864 9913 9928 11893 6964 9897 
2 5 11771 11808 916 4642 4572 
1 4 4572 4503 7652 10433 
5 3 10433 7582 4506 
5 10 4506 12485 4876 10638 13150 4745 7743 4719 4677 12641 
2 7 11771 846 9831 930 4633 4561 4506 
2 7 4725 10655 7801 12678 12261 4805 12189 
1 5 4506 1588 12618 7832 4725 
2 8 3585 6418 9421 9541 543 6552 9527 11666 
3 4 11542 6440 3418 3585 
2 6 3585 6470 11404 3474 9416 11544 
2 3 9315 6318 6384 
2 5 9315 9379 9332 11270 351 
1 4 12051 9976 12034 9943 
2 5 6583 9418 9444 3516 516 
2 5 13011 9472 13081 3516 516 
2 11 3529 9504 533 9516 509 500 11459 9488 9461 6505 6474 
1 4 11752 7674 1489 952 
1 6 9878 6945 11796 3927 6992 4112 
1 5 6912 11778 9921 928 4112 
1 6 3951 11831 856 981 11898 9921 
1 4 979 6938 9844 11747 
1 5 9777 3903 3935 9915 11881 
1 4 3870 921 6977 9777 
1 5 3870 3807 11844 804 11747 
1 4 3889 9893 9912 7620 
1 3 11853 6991 10472 
1 3 1052 900 6969 
1 3 6969 3955 952 
1 3 7101 10517 7097 
1 4 3992 4083 7172 7199 
1 3 6747 723 3707 
1 4 12991 2063 4995 10775 
2 3 560 11503 6435 
2 4 3707 11686 754 3757 
2 5 3757 3575 6597 409 3452 
2 10 11121 195 66 3172 63 9038 3025 3137 9167 6144 
1 5 9061 3068 9169 193 6146 
2 9 9108 6165 6125 9147 11125 11164 11081 158 11121 
2 7 9753 11706 6758 3726 6748 6730 3682 
2 9 9753 6620 11429 9455 6486 6516 520 11474 3529 
1 6 10364 1004 1603 5092 7406 7418 
1 10 10137 10309 4379 1302 7280 12297 4397 10016 11936 1185 
1 6 4401 12232 10232 12204 1285 10162 
1 6 9461 9476 523 570 6432 11439 
2 2 6776 6420 
2 5 11405 3399 429 6776 6474 
2 7 3760 11668 6741 9680 9677 6724 3722 
1 3 6702 9647 9628 
1 3 10472 3564 12320 
1 5 7620 9860 876 9954 11853 
1 4 9932 3979 9886 11853 
1 4 3335 6411 9384 9355 
2 7 6398 3346 356 328 11337 11368 9355 
2 20 11475 510 3504 9529 11512 544 9564 11551 9460 9352 9380 9409 9258 9286 6391 11262 11394 11344 3303 11375 
2 8 11248 269 9376 3302 11363 376 9276 11262 
2 8 11375 9368 270 3245 6149 9172 9050 6191 
2 10 3338 312 11171 3065 183 6166 9202 11177 3175 9131 
2 2 7330 108 
2 8 94 9045 9055 11038 3092 140 6102 11171 
2 2 10579 12558 
2 12 9394 9367 11381 11351 340 313 3304 6328 9352 11449 6450 3578 
2 8 4333 12152 1287 10235 4661 12613 10546 1794 
2 18 1459 10148 4686 12640 10603 4773 10146 1591 10547 10619 10550 10680 7784 12635 4867 12594 11410 1794 
2 4 10603 12583 4224 1591 
1 7 10737 10781 12314 12218 1384 1919 11687 
2 4 7602 12359 10359 7563 
1 9 10837 7969 4553 4901 12793 1896 4755 6997 12320 
1 4 1536 12434 4473 4901 
1 4 12763 12717 12831 10737 
2 6 4411 10256 4311 4265 1258 1278 
2 9 10312 12257 12285 1229 7298 1680 10308 1375 4333 
3 14 4797 1727 12525 1707 10524 12575 10654 7759 10583 1666 12565 4821 7844 1845 
3 13 9604 4404 9733 1343 4290 12638 7748 1842 4829 7754 4847 1730 1845 
3 3 12261 4701 7748 
2 5 4725 7763 12657 10678 7851 
2 6 10574 12556 4832 12543 7851 1845 
1 4 1473 4978 3181 7919 
1 9 1473 7919 5084 3165 12719 10764 10857 1960 5060 
1 5 1960 8052 10739 5060 1473 
1 2 5084 1974 
1 3 3165 12824 7931 
1 3 10764 1953 2034 
1 3 10857 4033 12744 
2 4 1305 4354 12270 12128 
2 13 3151 9150 9105 3050 6150 3187 6052 9176 6070 11150 11153 11059 70 
1 6 9118 40 6153 11046 3133 3187 
1 4 9061 6156 6033 11141 
2 5 6082 52 139 3030 9061 
2 3 9105 11162 52 
2 9 3061 9183 165 11043 141 11141 9104 3125 6146 
2 6 141 9163 9056 9160 6163 3137 
2 11 11121 6212 82 9233 11079 6146 7 6098 11054 6096 11175 
1 3 3122 6013 9038 
2 5 11046 11156 2998 11146 11054 
2 16 79 11068 9164 6095 3110 9060 194 9153 39 150 6203 9144 6346 11236 6283 6380 
2 24 121 6101 6167 3077 6203 85 3176 3101 2999 9333 3321 8 9212 9234 3089 95 11097 11202 415 592 9221 6099 11057 11127 
1 6 121 3220 3190 97 6077 143 
2 8 6124 6171 3146 6133 6213 11110 9124 9213 
2 4 6278 6217 7359 9293 
2 15 333 3215 9343 11349 6303 11384 11254 11369 11300 382 3236 11347 6262 6315 9313 
1 4 117 3072 9164 9197 
2 11 310 341 222 319 415 11202 11097 3053 6139 11032 6174 
1 4 11301 11274 11385 524 
2 3 11080 11186 104 
1 6 4640 126 3120 181 11080 6174 
2 2 3120 11186 
2 10 6283 3259 11282 3391 6414 9348 3290 11362 9278 11236 
1 7 9282 9395 9266 9313 3250 3376 356 
2 4 9273 6230 3199 3376 
1 7 3220 346 6269 280 3370 3202 3339 
2 8 3335 3390 398 371 11325 11298 9342 9288 
2 4 3152 496 6381 11291 
2 3 6381 6178 6408 
2 6 9221 9485 3388 10493 9240 9340 
1 2 7482 11222 
2 5 9340 6222 6342 3194 3296 
2 3 6342 11246 9262 
1 2 9483 6342 
2 5 6314 3288 9499 9731 9483 
1 2 395 348 
2 6 9483 6376 530 9374 9246 11358 
2 4 6342 265 3255 7482 
2 8 11234 207 9353 6242 3333 222 341 7482 
2 4 3392 3256 6306 3309 
2 7 3392 11528 6415 560 6579 9554 6232 
1 3 6232 6556 11477 
2 4 6232 3203 3293 6373 
2 3 3203 6319 9288 
2 6 3759 360 386 6292 342 9289 
2 4 9304 9359 6413 3320 
2 5 6340 406 9341 358 3219 
2 6 3335 3226 6305 11336 3210 306 
2 6 3580 580 6254 6330 3306 3335 
2 4 6254 6304 6355 9355 
2 6 3580 457 3554 9579 6477 413 
2 6 558 9518 6577 3554 3291 356 
5 2 301 6380 
1 10 11294 314 11258 11227 232 3266 3221 6291 6248 9258 
2 7 3578 6539 9475 6506 6602 3555 3529 
2 10 11351 11296 471 9422 11408 9564 3539 518 11423 6506 
2 3 719 3760 3734 
2 9 772 11599 11617 11647 9663 6721 3717 3720 3734 
2 11 3529 6527 9474 6503 6490 3443 3417 775 6781 6768 3734 
1 4 9417 426 6417 3417 
2 14 9417 585 3587 6781 9709 735 9694 11678 731 11661 6702 11632 683 3682 
1 7 9709 9726 11696 6753 9707 6750 11661 
1 5 9707 11694 9722 9739 11724 
1 5 9417 11559 765 3752 3734 
1 2 3752 6755 
1 2 765 6783 
1 3 6721 6736 9694 
1 2 11614 9647 
2 3 683 6730 6748 
1 3 1536 4614 11704 
1 5 1599 6671 6669 10403 10472 
1 3 11678 714 9649 
2 3 9571 3767 3399 
2 6 9461 6519 11487 9531 6554 418 
2 5 3466 486 11461 3508 3531 
2 3 11461 11452 453 
1 4 11504 511 6578 3508 
2 5 11405 6596 767 9712 568 
2 4 11561 9419 588 11405 
1 3 3755 11715 9419 
1 2 11561 6423 
2 9 11546 3403 9573 6451 3468 488 11454 3494 525 
2 5 11670 6727 6743 3724 3707 
2 6 3707 565 3577 414 6455 476 
1 3 409 458 488 
1 2 3494 504 
2 12 525 3543 441 11477 9493 6520 6435 474 3412 11441 9452 11399 
1 3 9533 11464 11490 
2 6 9558 9454 6557 11543 3511 9533 
2 3 474 572 6557 
1 5 3470 6593 11514 550 504 
2 6 476 6429 3457 6509 3483 9454 
2 4 3548 6571 3743 11550 
2 4 6483 6431 11536 11691 
2 6 11397 501 3520 522 9477 6508 
1 3 522 9542 6254 
1 3 11504 6495 3468 
2 4 3331 6354 289 9247 
2 3 9247 6233 9289 
1 4 9247 11230 236 6305 
1 4 9247 9396 11383 11325 
1 2 9259 9373 
2 4 11356 3315 9305 9402 
2 4 6312 3197 345 6391 
2 7 11243 11292 9354 392 9338 6302 6226 
2 12 392 3382 11273 292 9401 11281 6352 403 6308 9349 273 1278 
2 5 403 11389 10301 6323 6388 
1 2 6278 12244 
1 5 3139 359 11087 9192 3041 
2 4 11225 9243 9365 6226 
2 6 6391 324 11373 286 3276 3246 
1 3 11373 6294 392 
2 12 11449 11308 353 3343 3316 6502 452 11458 6473 9445 6424 3330 
2 8 3578 483 3477 326 3316 6366 6394 6226 
2 16 7341 4294 1254 4322 3563 3502 11510 9526 11537 9549 6574 3490 6601 9432 11523 3578 
2 6 6574 9473 11458 11321 365 11348 
1 6 6516 6541 3517 6479 499 6601 
2 7 9753 9592 3622 11578 615 464 3618 
2 7 3618 9453 11591 12235 1247 4254 10253 
2 6 11701 1517 4620 12383 10406 7563 
2 7 11701 3593 10262 12163 10131 4303 4227 
2 3 12163 13008 11591 
2 2 13008 475 
1 7 10253 4394 12227 12198 12170 12143 10312 
2 4 7401 12229 10284 10312 
1 3 11228 1754 12527 
2 5 11228 278 11307 7228 12567 
1 3 206 7431 6246 
2 16 1684 4669 12502 11098 10723 7712 10579 1295 3155 7330 9213 6193 3166 9113 11086 9202 
2 6 7228 10716 10648 1841 4846 7796 
2 4 10648 1704 1808 9553 
2 6 1821 9553 1750 12696 4813 10604 
2 10 10536 12517 1784 4817 10692 1812 7833 1880 4754 4824 
2 3 4817 12672 1726 
1 5 9292 7285 12584 307 9553 
2 12 4333 4232 10239 4281 7326 7383 4337 1303 12143 10168 7429 4411 
1 4 7298 1418 7741 7874 
1 2 4661 12594 
2 8 4333 7407 7335 1402 1239 7332 4764 10680 
2 4 1402 4595 12385 4773 
2 8 12218 12239 756 1632 9605 1649 12465 1614 
2 5 1614 10395 7541 12474 12163 
2 10 1614 1576 4499 10470 1623 1573 10671 1216 10205 12239 
2 5 4893 4958 7560 10357 10414 
2 5 1614 12324 1493 12491 12333 
2 5 1576 4618 1532 10420 1554 
1 8 7335 4389 1243 12121 12177 10275 7392 7354 
1 3 12121 4277 7383 
1 4 1794 4803 12528 7822 
1 4 7822 1369 4665 7757 
2 3 7274 4734 1794 
2 4 7274 10652 12515 1369 
2 3 7757 4789 7789 
2 4 12613 1797 4806 12679 
1 7 10696 12546 12616 10202 1797 10537 1794 
1 5 7822 1816 10649 12563 12691 
1 3 7815 12666 12595 
2 9 1876 7841 4750 1803 4808 1735 7828 4737 10654 
1 4 4801 10554 4766 10528 
1 11 4801 7752 1787 4856 1723 12331 7048 12403 7158 1137 4140 
1 3 11752 4612 7048 
1 8 7674 12348 10363 10429 12469 1558 1627 12485 
1 2 1735 4703 
3 2 13064 4859 
2 6 10641 4798 7746 4752 10667 1730 
2 5 12446 1322 1820 1755 1742 
1 2 6102 9248
1 2 3543 9568